m	0	455	0.0033
m	455	1105	0.045
m	1105	1540	0.04
o_s	0	1505	0.12
m	1540	1900	0.049
m	1900	2140	0.0067
m	2140	2270	-0.083	fill_color=lblue
h_d	0	2875	0.13
m	2270	2460	-0.062	fill_color=lblue
m	2460	2550	-0.049	fill_color=lblue
m	2550	2890	-0.028	fill_color=lblue
m	2890	2930	0.094
c_p	0	825	0.062
m	2930	2985	-0.1	fill_color=lblue
e_i_p	0	3655	0.16
c_p	825	1600	0.15
h_d	2875	5410	0.087
h_d	5410	6060	0.038
h_d	6060	6470	0.15
o_s	1505	1785	0.08
o_s	1785	2235	0.15
g_i_p	0	960	-0.053	fill_color=lblue
m	2985	3380	0.073
g_i_p	960	1760	-0.034	fill_color=lblue
o_s	2235	2415	0.2
c_p	1600	1865	0.14
o_s	2415	3720	0.16
o_s	3720	4585	0.15
o_s	4585	4715	0.24
h_d	6470	6720	0.13
c_p	1865	2490	0.083
o_s	4715	4905	0.063
o_s	4905	5225	0.17
h_d	6720	6890	0.28
h_d	6890	7165	0.13
g_i_p	1760	2010	-0.043	fill_color=lblue
h_d	7165	7175	0.099
g_i_p	2010	2335	-0.1	fill_color=lblue
e_i_p	3655	3700	0.027
e_i_p	3700	4145	0.27
