m	0	90	-0.043	fill_color=lblue
m	455	480	0.043
m	480	535	0.11
m	535	580	0.16
m	90	150	0.042
m	580	590	-0.17	fill_color=lblue
m	590	640	0.095
m	640	720	0.052
m	720	795	0.13
m	795	850	-0.024	fill_color=lblue
m	850	890	0.081
m	1105	1155	0.073
o_s	0	120	0.15
o_s	120	175	0.12
m	1540	1690	0.045
m	890	950	-0.08	fill_color=lblue
m	950	985	-0.01	fill_color=lblue
m	1900	1940	0.049
m	1690	1720	-0.04	fill_color=lblue
m	1720	1835	0.12
m	985	1030	0.046
m	2140	2180	-0.29	fill_color=lblue
h_d	0	100	0.089
m	1940	1965	0.51
m	1155	1185	0.25
m	2270	2285	-0.11	fill_color=lblue
m	150	170	-0.11	fill_color=lblue
m	2460	2475	-0.18	fill_color=lblue
m	2550	2760	-0.0041	fill_color=lblue
m	2475	2510	-0.025	fill_color=lblue
m	2890	2895	0.32
c_p	0	70	-0.073	fill_color=lblue
m	170	205	-0.19	fill_color=lblue
m	1185	1265	-0.012	fill_color=lblue
m	1265	1330	0.08
m	1330	1370	-0.26	fill_color=lblue
m	1370	1385	-0.21	fill_color=lblue
m	1385	1400	0.017
m	2180	2215	-0.14	fill_color=lblue
m	2930	2935	-0.23	fill_color=lblue
m	2510	2515	-0.23	fill_color=lblue
m	1400	1420	-0.087	fill_color=lblue
m	1420	1430	-0.21	fill_color=lblue
m	2515	2530	0.085
h_d	100	115	-0.065	fill_color=lblue
m	1030	1045	-0.22	fill_color=lblue
m	1430	1490	0.12
m	1045	1105	0.16
m	2215	2225	0.27
m	2285	2300	0.28
m	2300	2330	0.095
m	2330	2340	0.075
e_i_p	0	125	0.32
e_i_p	125	280	0.12
e_i_p	280	430	0.1
e_i_p	430	480	0.12
e_i_p	480	695	0.079
c_p	825	985	0.037
o_s	175	285	0.076
h_d	115	565	0.17
h_d	565	870	0.13
h_d	870	930	0.11
h_d	2875	3140	0.12
m	2760	2890	-0.11	fill_color=lblue
m	2340	2360	0.15
m	1965	2105	-0.13	fill_color=lblue
h_d	5410	5615	0.03
h_d	5615	5770	-0.057	fill_color=lblue
h_d	5770	5975	-0.069	fill_color=lblue
h_d	6060	6240	0.14
m	2360	2375	0.029
m	2375	2395	-0.19	fill_color=lblue
e_i_p	695	705	-0.081	fill_color=lblue
o_s	1505	1555	-0.076	fill_color=lblue
m	205	215	0.33
o_s	285	345	0.059
m	1835	1900	0.028
m	215	260	0.051
e_i_p	705	860	0.11
m	2395	2430	-0.25	fill_color=lblue
o_s	1785	1840	0.12
g_i_p	0	85	-0.039	fill_color=lblue
m	2935	2940	-0.21	fill_color=lblue
m	260	325	-0.0057	fill_color=lblue
e_i_p	860	1010	0.13
o_s	345	525	0.15
h_d	6240	6390	0.17
e_i_p	1010	1365	0.18
m	2985	3010	0.25
m	3010	3085	0.006
m	3085	3145	0.067
m	3145	3175	0.059
m	3175	3190	0.069
m	3190	3200	0.24
m	3200	3225	0.34
g_i_p	85	370	-0.066	fill_color=lblue
m	325	340	0.12
m	2940	2945	0.062
m	2945	2985	-0.089	fill_color=lblue
m	1490	1530	0.047
m	1530	1535	0.29
m	2895	2905	0.24
m	2905	2910	0.21
o_s	1840	1870	0.11
h_d	6390	6445	0.16
g_i_p	960	1055	0.077
m	2430	2440	-0.093	fill_color=lblue
o_s	2235	2255	0.05
h_d	930	1170	0.046
e_i_p	1365	1455	0.11
c_p	70	455	0.09
c_p	1600	1865	0.14
o_s	2415	2540	0.08
h_d	1170	1305	0.078
o_s	2540	2695	0.12
o_s	3720	3815	0.21
o_s	4585	4610	0.092
h_d	6470	6530	0.17
c_p	455	605	-0.012	fill_color=lblue
c_p	605	645	0.2
h_d	3140	3265	0.25
e_i_p	1455	1680	0.17
e_i_p	1680	1900	0.089
e_i_p	1900	2015	0.12
e_i_p	2015	2075	0.12
e_i_p	2075	2200	0.25
e_i_p	2200	2405	0.17
e_i_p	2405	2560	0.088
e_i_p	2560	2715	0.18
e_i_p	2715	2825	0.19
c_p	1865	1945	0.24
c_p	985	1245	0.11
o_s	2695	2835	0.16
o_s	2835	2940	0.26
o_s	2940	3015	0.2
o_s	3015	3095	0.14
o_s	3095	3165	0.082
o_s	3165	3225	0.056
o_s	3225	3360	0.12
o_s	525	630	0.12
o_s	630	720	0.0032
o_s	720	780	0.13
o_s	780	915	0.12
o_s	915	1045	0.13
o_s	1555	1670	0.08
o_s	4715	4755	0.14
o_s	3815	3915	0.2
o_s	3915	4050	0.12
o_s	4610	4690	0.27
o_s	4905	5045	0.25
h_d	1305	1385	0.11
h_d	1385	1500	0.17
h_d	1500	1590	0.13
h_d	1590	1660	0.1
h_d	1660	1770	0.15
h_d	1770	1855	0.14
h_d	1855	1965	0.12
h_d	1965	2090	0.16
h_d	2090	2150	0.13
h_d	2150	2250	0.21
h_d	2250	2330	0.21
h_d	3265	3375	0.065
h_d	3375	3500	0.27
h_d	3500	3635	0.26
h_d	3635	3795	0.19
h_d	3795	3920	0.18
h_d	3920	4190	-0.054	fill_color=lblue
h_d	4190	4300	0.27
h_d	4300	4415	0.13
h_d	4415	4540	0.21
m	2225	2240	-0.079	fill_color=lblue
m	340	375	-0.083	fill_color=lblue
m	2240	2260	0.13
m	375	380	-0.35	fill_color=lblue
c_p	645	825	0.058
o_s	4050	4115	0.16
m	380	420	-0.052	fill_color=lblue
o_s	1870	1890	-0.12	fill_color=lblue
c_p	1945	2035	-0.0013	fill_color=lblue
c_p	1245	1385	0.22
h_d	2330	2580	0.18
m	3225	3255	0.038
g_i_p	370	535	-0.21	fill_color=lblue
h_d	4540	4695	0.04
m	3255	3270	-0.026	fill_color=lblue
g_i_p	1055	1325	-0.02	fill_color=lblue
o_s	1890	1955	0.27
h_d	6445	6465	0.8
o_s	1045	1065	0.23
c_p	2035	2045	-0.12	fill_color=lblue
o_s	3360	3420	0.25
h_d	2580	2785	0.19
e_i_p	2825	2915	0.34
o_s	3420	3470	-0.089	fill_color=lblue
o_s	1065	1140	0.23
o_s	3470	3525	0.36
o_s	3525	3575	0.14
h_d	5975	6015	0.06
h_d	4695	4800	0.33
h_d	4800	4880	0.4
h_d	4880	4950	0.32
h_d	6720	6795	0.46
o_s	3575	3645	0.45
o_s	1140	1220	0.17
h_d	2785	2850	0.28
m	2260	2265	0.3
o_s	4755	4780	0.16
o_s	4115	4170	0.18
m	2440	2450	-0.045	fill_color=lblue
o_s	1955	1990	0.04
h_d	6795	6815	-0.083	fill_color=lblue
m	2530	2540	0.075
o_s	1220	1285	0.24
o_s	1285	1345	0.12
o_s	1990	2065	0.27
o_s	2065	2110	0.25
o_s	2110	2205	0.18
o_s	2205	2235	0.12
o_s	4780	4830	0.11
m	2540	2545	-0.33	fill_color=lblue
o_s	1345	1405	0.21
o_s	4830	4860	0.028
m	2105	2125	-0.024	fill_color=lblue
m	2125	2135	0.86
g_i_p	535	625	-0.06	fill_color=lblue
m	2265	2270	0.0033
m	420	430	-0.095	fill_color=lblue
o_s	5045	5180	0.08
h_d	6530	6570	0.13
c_p	2045	2225	0.059
o_s	5180	5225	0.18
o_s	4170	4220	0.006
h_d	4950	5015	-0.0096	fill_color=lblue
h_d	5015	5105	0.14
c_p	2225	2325	0.016
e_i_p	2915	3045	0.22
c_p	2325	2425	0.038
o_s	1405	1480	0.21
o_s	1670	1785	0.12
o_s	4220	4340	0.14
o_s	4340	4415	0.17
o_s	4690	4695	-0.037	fill_color=lblue
o_s	4695	4705	0.13
o_s	2255	2325	0.22
h_d	6570	6610	0.17
h_d	6610	6720	0.12
e_i_p	3045	3320	0.21
o_s	4415	4500	0.18
h_d	6890	6945	0.15
g_i_p	1325	1510	0.047
g_i_p	1760	1805	-0.0045	fill_color=lblue
c_p	2425	2490	-0.0048	fill_color=lblue
o_s	2325	2390	0.22
o_s	2390	2405	0.16
g_i_p	1805	1850	-0.056	fill_color=lblue
g_i_p	1850	1890	-0.056	fill_color=lblue
g_i_p	1890	1905	-0.14	fill_color=lblue
g_i_p	1905	1940	-0.1	fill_color=lblue
e_i_p	3320	3370	0.11
m	3270	3285	-0.064	fill_color=lblue
e_i_p	3370	3385	0.22
e_i_p	3385	3390	0.25
c_p	1385	1475	0.21
o_s	4500	4585	0.17
h_d	5105	5125	0.7
h_d	7165	7170	0.25
e_i_p	3390	3425	0.19
g_i_p	1510	1660	-0.21	fill_color=lblue
g_i_p	625	960	0.0017
g_i_p	2010	2060	-0.15	fill_color=lblue
o_s	2405	2415	0.11
e_i_p	3425	3545	-0.05	fill_color=lblue
c_p	1475	1600	0.17
g_i_p	1660	1700	-0.15	fill_color=lblue
e_i_p	3655	3660	-0.023	fill_color=lblue
g_i_p	2060	2100	-0.089	fill_color=lblue
g_i_p	2100	2105	-0.0055	fill_color=lblue
g_i_p	2105	2110	-0.0055	fill_color=lblue
g_i_p	2110	2335	-0.096	fill_color=lblue
g_i_p	1940	1995	-0.049	fill_color=lblue
o_s	3645	3710	0.22
h_d	5125	5180	0.39
h_d	5180	5275	0.15
e_i_p	3545	3655	0.14
m	3285	3345	-0.0052	fill_color=lblue
m	3345	3360	0.073
h_d	7170	7175	-0.052	fill_color=lblue
e_i_p	3700	3785	0.25
h_d	5275	5285	0.61
e_i_p	3785	3945	0.42
h_d	2850	2875	0.075
h_d	6015	6060	0.35
h_d	6815	6850	0.87
h_d	6850	6860	1.6
o_s	3710	3720	-0.33	fill_color=lblue
m	2450	2460	-0.19	fill_color=lblue
g_i_p	1700	1710	-0.21	fill_color=lblue
h_d	5285	5355	0.21
h_d	6465	6470	1.6
h_d	5355	5410	0.62
o_s	1480	1505	0.041
o_s	4860	4905	0.041
o_s	4705	4715	0.083
h_d	6945	7025	0.094
e_i_p	3945	4045	0.054
m	3360	3375	-0.03	fill_color=lblue
e_i_p	3660	3700	0.033
h_d	7025	7110	0.11
h_d	7110	7165	0.15
e_i_p	4045	4145	0.28
h_d	6860	6890	-0.11	fill_color=lblue
m	2545	2550	-0.12	fill_color=lblue
m	430	445	0.035
g_i_p	1710	1755	0.12
g_i_p	1755	1760	0.12
g_i_p	1995	2010	-0.083	fill_color=lblue
m	2910	2915	-0.14	fill_color=lblue
m	3375	3380	0.22
m	445	450	0.17
m	2135	2140	0.13
m	2915	2920	0.13
m	1535	1540	-0.21	fill_color=lblue
m	2920	2925	-0.21	fill_color=lblue
m	2925	2930	-0.21	fill_color=lblue
m	450	455	0.12
